error(train): 0.500000
error(test): 0.625000
